fl: 
  roll: 0.1120000034570694
  upper: 0.13600000739097595
  lower: 0.01600000075995922
fr: 
  roll: 0.0
  upper: 0.0
  lower: 0.0
rl: 
  roll: -0.052000001072883606
  upper: -0.02800000086426735
  lower: -0.00800000037997961
rr: 
  roll: 0.0
  upper: 0.0
  lower: 0.0