fl: 
  roll: 0.004000000189989805
  upper: 0.004000000189989805
  lower: 0.012000000104308128
fr: 
  roll: 0.0
  upper: 0.0
  lower: 0.0
rl: 
  roll: -0.03999999910593033
  upper: -0.01600000075995922
  lower: -0.004000000189989805
rr: 
  roll: 0.0
  upper: 0.0
  lower: 0.0/n