fl: 
  roll: 0.09200000017881393
  upper: 0.01600000075995922
  lower: 0.012000000104308128
fr: 
  roll: 0.0
  upper: 0.0
  lower: 0.0
rl: 
  roll: -0.04399999976158142
  upper: -0.019999999552965164
  lower: -0.00800000037997961
rr: 
  roll: 0.0
  upper: 0.0
  lower: 0.0